48
NULL 0 Common 0
Joined 7 0,255,0,255,0,0,0,0,0,0 Latin 1 0 1 Joined	# Joined [4a 6f 69 6e 65 64 ]a
|Broken|0|1 15 0,255,0,255,0,0,0,0,0,0 Common 2 10 2 |Broken|0|1	# Broken
a 3 0,255,0,255,0,0,0,0,0,0 Latin 9 0 3 a	# a [61 ]a
) 16 0,255,0,255,0,0,0,0,0,0 Common 4 10 26 )	# ) [29 ]p
T 5 0,255,0,255,0,0,0,0,0,0 Latin 44 0 5 T	# T [54 ]A
I 5 0,255,0,255,0,0,0,0,0,0 Latin 33 0 6 I	# I [49 ]A
U 5 0,255,0,255,0,0,0,0,0,0 Latin 7 0 7 U	# U [55 ]A
L 5 0,255,0,255,0,0,0,0,0,0 Latin 32 0 8 L	# L [4c ]A
A 5 0,255,0,255,0,0,0,0,0,0 Latin 3 0 9 A	# A [41 ]A
R 5 0,255,0,255,0,0,0,0,0,0 Latin 29 0 10 R	# R [52 ]A
D 5 0,255,0,255,0,0,0,0,0,0 Latin 47 0 11 D	# D [44 ]A
S 5 0,255,0,255,0,0,0,0,0,0 Latin 34 0 12 S	# S [53 ]A
O 5 0,255,0,255,0,0,0,0,0,0 Latin 41 0 13 O	# O [4f ]A
B 5 0,255,0,255,0,0,0,0,0,0 Latin 19 0 14 B	# B [42 ]A
E 5 0,255,0,255,0,0,0,0,0,0 Latin 25 0 15 E	# E [45 ]A
M 5 0,255,0,255,0,0,0,0,0,0 Latin 45 0 16 M	# M [4d ]A
N 5 0,255,0,255,0,0,0,0,0,0 Latin 17 0 17 N	# N [4e ]A
% 16 0,255,0,255,0,0,0,0,0,0 Common 18 4 18 %	# % [25 ]p
b 3 0,255,0,255,0,0,0,0,0,0 Latin 14 0 19 b	# b [62 ]a
G 5 0,255,0,255,0,0,0,0,0,0 Latin 36 0 20 G	# G [47 ]A
V 5 0,255,0,255,0,0,0,0,0,0 Latin 21 0 21 V	# V [56 ]A
Á 5 0,255,0,255,0,0,0,0,0,0 Latin 22 0 22 Á	# Á [c1 ]A
, 16 0,255,0,255,0,0,0,0,0,0 Common 23 6 23 ,	# , [2c ]p
C 5 0,255,0,255,0,0,0,0,0,0 Latin 24 0 24 C	# C [43 ]A
e 3 0,255,0,255,0,0,0,0,0,0 Latin 15 0 25 e	# e [65 ]a
( 16 0,255,0,255,0,0,0,0,0,0 Common 26 10 4 (	# ( [28 ]p
1 8 0,255,0,255,0,0,0,0,0,0 Common 27 2 27 1	# 1 [31 ]0
Z 5 0,255,0,255,0,0,0,0,0,0 Latin 28 0 28 Z	# Z [5a ]A
r 3 0,255,0,255,0,0,0,0,0,0 Latin 10 0 29 r	# r [72 ]a
í 3 0,255,0,255,0,0,0,0,0,0 Latin 30 0 30 í	# í [ed ]a
F 5 0,255,0,255,0,0,0,0,0,0 Latin 31 0 31 F	# F [46 ]A
l 3 0,255,0,255,0,0,0,0,0,0 Latin 8 0 32 l	# l [6c ]a
i 3 0,255,0,255,0,0,0,0,0,0 Latin 6 0 33 i	# i [69 ]a
s 3 0,255,0,255,0,0,0,0,0,0 Latin 12 0 34 s	# s [73 ]a
; 16 0,255,0,255,0,0,0,0,0,0 Common 35 10 35 ;	# ; [3b ]p
g 3 0,255,0,255,0,0,0,0,0,0 Latin 20 0 36 g	# g [67 ]a
. 16 0,255,0,255,0,0,0,0,0,0 Common 37 6 37 .	# . [2e ]p
4 8 0,255,0,255,0,0,0,0,0,0 Common 38 2 38 4	# 4 [34 ]0
2 8 0,255,0,255,0,0,0,0,0,0 Common 39 2 39 2	# 2 [32 ]0
ñ 3 0,255,0,255,0,0,0,0,0,0 Latin 40 0 40 ñ	# ñ [f1 ]a
o 3 0,255,0,255,0,0,0,0,0,0 Latin 13 0 41 o	# o [6f ]a
- 16 0,255,0,255,0,0,0,0,0,0 Common 42 3 42 -	# - [2d ]p
/ 16 0,255,0,255,0,0,0,0,0,0 Common 43 6 43 /	# / [2f ]p
t 3 0,255,0,255,0,0,0,0,0,0 Latin 5 0 44 t	# t [74 ]a
m 3 0,255,0,255,0,0,0,0,0,0 Latin 16 0 45 m	# m [6d ]a
p 3 0,255,0,255,0,0,0,0,0,0 Latin 46 0 46 p	# p [70 ]a
d 3 0,255,0,255,0,0,0,0,0,0 Latin 11 0 47 d	# d [64 ]a
